0.012
0.020
0.026
0.021
0.018
0.006
0.018
0.018
0.022
0.017
0.024
0.014
0.013
0.020
0.016
0.024
0.014
0.013
0.020
0.019
0.017
0.014
0.018
0.014
0.011
0.021
0.020
0.020
0.018
0.020
0.021
0.014
0.019
0.024
0.012
0.016
0.018
0.025
0.013
0.010
0.016
0.025
0.014
0.016
0.024
0.020
0.019
0.018
0.019
0.019
0.015
0.019
0.011
0.010
0.009
0.009
0.008
0.011
0.010
0.010
0.010
0.010
0.019
0.016
0.024
0.013
0.029
0.020
0.025
0.021
0.018
0.019
0.026
0.019
0.017
0.019
0.022
0.020
0.020
0.019
0.009
0.020
0.021
0.019
0.019
0.021
0.016
0.014
0.019
0.017
0.023
0.021
0.019
0.016
0.008
0.017
0.018
0.019
0.015
0.023
