0.019
0.017
0.015
0.019
0.020
0.020
0.026
0.017
0.022
0.018
0.019
0.020
0.017
0.014
0.025
0.014
0.025
0.016
0.027
0.012
0.016
0.018
0.017
0.019
0.016
0.016
0.017
0.011
0.017
0.015
0.018
0.026
0.012
0.021
0.028
0.016
0.021
0.019
0.020
0.016
0.020
0.031
0.015
0.014
0.017
0.015
0.019
0.021
0.020
0.021
0.016
0.008
0.039
0.019
0.017
0.020
0.025
0.021
0.017
0.010
0.011
0.011
0.009
0.012
0.014
0.010
0.013
0.012
0.014
0.011
0.009
0.011
0.011
0.008
0.016
0.013
0.010
0.011
0.011
0.010
0.015
0.009
0.016
0.011
0.013
0.010
0.010
0.009
0.012
0.010
0.013
0.009
0.012
0.008
0.009
0.009
0.011
0.011
0.011
0.009
0.011
0.015
0.014
0.015
0.016
0.015
0.014
0.016
0.011
0.010
0.010
0.011
0.010
0.008
0.009
0.010
0.010
0.009
0.015
0.013
0.011
0.013
0.013
0.013
0.011
0.010
0.011
0.011
0.011
0.012
0.009
0.018
0.011
0.011
0.010
0.012
0.014
0.011
0.012
0.012
0.011
0.010
0.010
0.012
0.008
0.011
0.009
0.010
0.011
0.012
0.015
0.019
0.021
0.014
0.017
0.021
0.026
0.024
0.022
0.016
0.026
0.020
0.018
0.016
0.016
0.011
0.015
0.018
0.020
0.022
0.020
0.014
0.022
0.018
0.018
0.018
0.019
0.019
0.019
0.017
0.018
0.018
0.022
0.020
0.017
0.027
0.019
0.019
0.022
0.015
0.016
0.021
0.019
0.021
0.020
0.019
0.018
0.020
0.017
0.015
0.020
0.017
0.018
0.021
0.020
0.018
0.022
0.011
0.017
0.021
0.017
0.020
0.020
0.018
0.019
0.021
0.018
0.019
0.020
0.020
0.019
0.017
0.020
0.019
0.019
0.019
0.020
0.019
0.020
0.018
0.014
0.020
0.020
0.019
0.017
0.021
0.021
0.020
0.020
0.020
0.018
0.018
0.021
0.019
0.019
0.021
0.018
0.019
0.021
0.017
0.019
0.020
0.020
0.020
0.016
0.019
0.021
0.020
0.017
0.020
0.018
0.020
0.020
0.022
0.018
0.012
0.020
0.018
0.016
0.020
0.022
0.018
0.017
0.021
0.017
0.018
0.020
0.018
0.022
0.020
0.017
0.020
0.020
0.019
0.020
0.020
0.021
0.018
0.013
0.019
0.020
0.019
0.018
0.020
0.020
0.019
0.020
0.019
0.019
0.026
0.020
0.018
0.019
0.017
0.020
0.020
0.019
0.019
0.020
0.019
0.020
0.018
0.019
0.016
0.020
0.021
0.020
0.026
0.020
0.025
0.016
0.020
0.020
0.018
0.019
0.018
0.019
0.028
0.020
0.022
0.024
0.022
0.008
0.019
0.020
0.019
0.022
0.020
0.018
0.020
0.019
0.020
0.020
0.020
0.017
0.020
0.021
0.021
0.019
0.020
0.019
0.021
0.020
0.016
0.015
0.019
0.020
0.018
0.016
0.017
0.022
0.019
0.019
0.019
0.016
0.019
0.020
0.019
0.019
0.024
0.019
0.018
0.018
0.020
0.020
0.020
0.019
0.015
0.019
0.020
0.019
0.019
0.017
0.020
0.021
0.019
0.020
0.019
0.019
0.020
0.020
0.020
0.018
0.019
0.020
0.019
0.020
0.017
0.020
0.019
0.019
0.015
0.022
0.019
0.016
0.020
0.020
0.024
0.019
0.019
0.019
0.019
0.019
0.019
0.017
0.016
0.019
0.021
0.019
0.026
0.020
0.019
0.020
0.017
0.022
0.019
0.019
0.019
0.019
0.020
0.019
0.018
0.022
0.021
0.019
0.016
0.008
0.009
0.020
0.017
0.020
0.019
0.020
0.019
0.021
0.018
0.020
0.020
0.018
0.020
0.021
0.020
0.018
0.022
0.020
0.020
0.019
0.021
0.028
0.020
0.017
0.021
0.020
0.014
0.019
0.020
0.019
0.021
0.017
0.020
0.020
0.021
0.016
0.010
0.026
0.021
0.019
0.019
0.016
0.025
0.019
0.020
0.017
0.019
0.020
0.018
0.020
0.044
0.018
0.010
0.020
0.015
0.023
0.016
0.021
0.020
0.018
0.017
0.020
0.016
0.020
0.020
0.018
0.022
0.020
0.019
0.020
0.020
0.018
0.022
0.020
0.020
0.024
0.019
0.020
0.020
0.018
0.032
0.020
0.019
0.016
0.019
0.020
0.018
0.019
0.016
0.019
0.019
0.020
0.020
0.030
0.020
0.019
0.019
0.019
0.016
0.021
0.019
0.019
0.019
0.016
0.020
0.021
0.019
0.019
0.016
0.018
0.023
0.008
0.009
0.017
0.012
0.020
0.019
0.018
0.017
0.019
0.020
0.019
0.012
0.010
0.020
0.027
0.010
0.020
0.019
0.018
0.021
0.019
0.018
0.018
0.020
0.020
0.020
0.017
0.020
0.020
0.019
0.019
0.022
0.020
0.019
0.018
0.019
0.020
0.016
0.017
0.020
0.020
0.019
0.018
0.019
0.012
0.017
0.017
0.020
0.019
0.019
0.016
0.025
0.020
0.017
0.020
0.019
0.016
0.018
0.020
0.015
0.020
0.021
0.019
0.020
0.021
0.019
0.019
0.020
0.016
0.024
0.021
0.020
0.019
0.020
0.027
0.020
0.016
0.020
0.020
0.019
0.018
0.019
0.020
0.018
0.019
0.015
0.020
0.022
0.017
0.019
0.019
0.019
0.018
0.020
0.020
0.019
0.019
0.018
0.020
0.021
0.016
0.019
0.017
0.020
0.022
0.019
0.019
0.025
0.018
0.017
0.020
0.020
0.028
0.019
0.017
0.020
0.019
0.019
0.016
0.020
0.018
0.020
0.020
0.020
0.019
0.020
0.017
0.031
0.020
0.020
0.015
0.020
0.020
0.016
0.018
0.020
0.019
0.021
0.020
0.021
0.019
0.020
0.023
0.019
0.019
0.020
0.016
0.019
0.009
0.020
0.017
0.008
0.020
0.020
0.018
0.018
0.010
0.019
0.018
0.020
0.020
0.020
0.018
0.018
0.016
0.020
0.019
0.026
0.017
0.016
0.017
0.020
0.020
0.019
0.020
0.020
0.020
0.015
0.017
0.018
0.020
0.020
0.020
0.021
0.018
0.020
0.017
0.018
0.021
0.019
0.016
0.011
0.022
0.015
0.020
0.020
0.019
0.023
0.019
0.020
0.016
0.019
0.028
0.020
0.020
0.020
0.019
0.020
0.018
0.019
0.021
0.020
0.019
0.019
0.015
0.019
0.020
0.019
0.016
0.019
0.018
0.019
0.016
0.016
0.020
0.019
0.021
0.016
0.020
0.020
0.019
0.017
0.020
0.020
0.019
0.022
0.016
0.020
0.020
0.020
0.026
0.019
0.020
0.017
0.020
0.019
0.019
0.021
0.016
0.018
0.019
0.015
0.020
0.021
0.019
0.021
0.017
0.020
0.020
0.016
0.019
0.019
0.018
0.020
0.017
0.019
0.019
0.020
0.019
0.019
0.020
0.018
0.019
0.020
0.020
0.016
0.014
0.019
0.024
0.019
0.019
0.009
0.019
0.019
0.021
0.026
0.017
0.013
0.019
0.017
0.025
0.020
0.019
0.017
0.019
0.020
0.019
0.019
0.008
0.020
0.019
0.019
0.017
0.020
0.017
0.020
0.019
0.017
0.008
0.019
0.020
0.020
0.019
0.020
0.019
0.016
0.016
0.024
0.017
0.019
0.019
0.017
0.020
0.016
0.019
0.018
0.018
0.016
0.015
0.020
0.016
0.023
0.020
0.020
0.020
0.020
0.020
0.020
0.020
0.019
0.019
0.020
0.019
0.020
0.019
0.018
0.021
0.019
0.019
0.020
0.020
0.020
0.020
0.016
0.017
0.018
0.014
0.011
0.011
0.020
0.027
0.020
0.020
0.017
0.020
0.016
0.019
0.022
0.020
0.026
0.020
0.019
0.019
0.020
0.017
0.026
0.019
0.019
0.019
0.019
0.017
0.020
0.017
0.017
0.009
0.010
0.020
0.017
0.020
0.019
0.017
0.020
0.019
0.019
0.020
0.015
0.018
0.008
0.020
0.020
0.020
0.020
0.019
0.020
0.020
0.019
0.017
0.017
0.018
0.020
0.019
0.016
0.019
0.019
0.016
0.017
0.019
0.020
0.019
0.020
0.020
0.019
0.019
0.020
0.020
0.020
0.016
0.021
0.020
0.020
0.018
0.019
0.019
0.021
0.020
0.018
0.020
0.020
0.021
0.020
0.019
0.020
0.020
0.016
0.018
0.025
0.020
0.020
0.018
0.020
0.028
0.018
